$ 1 0.000005 19.867427341514983 50 5 50 5e-11
R 800 240 800 208 0 0 40 11.75 0 0 0.5
R 800 656 800 688 0 0 40 -11.75 0 0 0.5
r 800 240 800 304 0 47000
r 864 656 864 560 0 47000
r 864 480 864 560 0 47000
a 864 448 960 448 8 10.8 -10.8 1000000 -0.363296626826326 -0.5223199488204762 100000
d 960 448 1040 448 2 1N4148
w 864 656 1040 656 0
r 1040 448 1184 448 0 2200
w 1184 656 1040 656 0
t 1184 448 1232 448 2 1 -18.731125883576837 0.5875243267274186 800 default
162 1232 240 1232 368 2 default-led 0 1 0 0.01
r 1232 656 1232 464 0 4700
w 1232 656 1184 656 0
R 464 464 416 464 0 1 500 0 0 0 0.5
O 1184 448 1184 400 1 0
a 560 464 656 464 8 10.8 -10.8 1000000 5.066906891925379e-26 5.0669575609942986e-26 100000
w 560 448 560 416 0
w 560 416 656 416 0
w 656 416 656 464 0
r 560 480 560 560 0 100000
s 656 464 720 464 0 0 false
172 464 496 416 496 0 7 -5 5 -5 0 0.5 Voltage
S 528 480 464 480 0 1 false 0 2
w 528 480 560 480 0
O 528 480 528 448 0 0
O 656 464 656 496 0 0
g 560 560 560 576 0 0
c 1040 448 1040 656 4 4.7000000000000005e-7 4.127023855452923 0.001 0
r 1184 368 1184 240 0 1000
w 1232 432 1232 368 0
w 1232 368 1184 368 0
w 1184 240 864 240 0
w 1232 240 1184 240 0
r 864 240 864 432 0 100000
w 864 240 800 240 0
r 800 304 800 464 0 47000
w 864 464 800 464 0
w 864 656 800 656 0
r 800 656 800 576 0 86000
d 720 304 800 304 2 1N4148
w 800 576 800 464 0
w 864 480 864 432 0
w 864 560 768 560 0
d 768 560 720 560 2 1N4148
w 720 304 720 464 0
w 720 464 720 560 0
r 1184 656 1184 448 0 100000
O 864 432 832 432 1 0
O 800 464 768 464 1 0
o 14 64 3 4098 10 0.1 0 2 26 0
38 14 F1 3 20 500 -1 Frequency
38 14 F1 0 0 7 -1 Max\sVoltage
