$ 1 0.000005 10.20027730826997 50 5 50 5e-11
t 880 624 928 624 0 -1 3.3672522177297335 -0.6369733994908415 100 default
d 880 560 880 624 2 1N4148
d 880 496 880 560 2 1N4148
r 928 496 928 608 0 100
r 880 624 880 704 0 22000
g 880 704 880 720 0 0
r 928 640 1008 640 0 470
162 1008 640 1008 688 2 default-led 0 1 0 0.01
w 928 496 880 496 0
R 880 496 880 448 0 0 40 12 0 0 0.5
R 1008 1184 1008 1232 0 0 40 -12 0 0 0.5
370 1008 1120 1008 1184 3 0 0
162 1008 688 1008 736 2 default-led 0 1 0 0.01
162 1008 784 1008 832 2 default-led 0 1 0 0.01
162 1008 736 1008 784 2 default-led 0 1 0 0.01
162 1008 880 1008 928 2 default-led 0 1 0 0.01
162 1008 928 1008 976 2 default-led 0 1 0 0.01
162 1008 832 1008 880 2 default-led 0 1 0 0.01
162 1008 1072 1008 1120 2 default-led 0 1 0 0.01
162 1008 1024 1008 1072 2 default-led 0 1 0 0.01
162 1008 976 1008 1024 2 default-led 0 1 0 0.01
w 1008 368 1008 480 0
