$ 65 0.0000049999999999999996 382.76258214399064 50 5 50 5e-11
a 1216 128 1312 128 9 10.8 -10.8 1000000 2.195259817532726 0.005248422755781833 100000
g 608 368 608 384 0 0
r 608 336 544 336 0 22000
r 608 256 800 256 0 22000
d 608 288 704 288 2 1N4148
d 704 352 800 352 2 1N4148
w 608 336 608 288 0
w 608 288 608 256 0
w 704 352 704 288 0
w 800 352 800 256 0
r 800 352 864 352 0 470
R 544 336 512 336 0 2 500 0 0 0 0.5
209 864 352 864 416 4 0.00001 0.005248454241807147 0.001 0.1 1
g 864 416 864 432 0 0
r 928 352 928 416 0 68000
g 928 416 928 432 0 0
w 992 352 928 352 0
O 992 352 1040 352 3 1
w 928 352 864 352 0
a 608 352 704 352 8 10.8 -10.8 1000000 0.0000019720301875692826 0 100000
a 1216 192 1312 192 9 10.8 -10.8 1000000 1.5427409758032535 0.005248422755781833 100000
a 1216 256 1312 256 9 10.8 -10.8 1000000 1.088308211027371 0.005248422755781833 100000
a 1216 448 1312 448 9 10.8 -10.8 1000000 0.3891808806029359 0.005248422755781833 100000
a 1216 384 1312 384 9 10.8 -10.8 1000000 0.5406584688615635 0.005248422755781833 100000
a 1216 320 1312 320 9 10.8 -10.8 1000000 0.7737009123363753 0.005248422755781833 100000
a 1216 512 1312 512 9 10.8 -10.8 1000000 0.27265965886552995 0.005248422755781833 100000
a 1216 576 1312 576 9 10.8 -10.8 1000000 0.19342522808409385 0.005248422755781833 100000
a 1216 640 1312 640 9 10.8 -10.8 1000000 0.13399940499801682 0.005248422755781833 100000
a 1216 704 1312 704 9 10.8 -10.8 1000000 0.09554740182467286 0.005248422755781833 100000
R 1120 80 1120 48 0 0 40 11.75 0 0 0.5
r 1120 80 1120 144 0 82000
r 1120 144 1120 208 0 5600
r 1120 272 1120 336 0 2700
r 1120 208 1120 272 0 3900
r 1120 464 1120 528 0 1000
r 1120 528 1120 592 0 680
r 1120 400 1120 464 0 1300
r 1120 336 1120 400 0 2000
r 1120 656 1120 720 0 330
r 1120 592 1120 656 0 510
r 1120 720 1120 784 0 820
g 1120 784 1120 800 0 0
w 1216 144 1120 144 0
w 1216 208 1120 208 0
w 1216 272 1120 272 0
w 1216 336 1120 336 0
w 1216 400 1120 400 0
w 1216 464 1120 464 0
w 1216 528 1120 528 0
w 1216 592 1120 592 0
w 1216 656 1120 656 0
w 1216 720 1120 720 0
207 928 352 928 304 4 Meter
207 1184 112 1184 64 4 Meter
w 1216 112 1184 112 0
w 1216 176 1184 176 0
w 1216 240 1184 240 0
w 1216 304 1184 304 0
w 1216 368 1184 368 0
w 1216 432 1184 432 0
w 1216 496 1184 496 0
w 1216 560 1184 560 0
w 1216 624 1184 624 0
w 1216 688 1184 688 0
w 1184 688 1184 624 0
w 1184 624 1184 560 0
w 1184 560 1184 496 0
w 1184 496 1184 432 0
w 1184 432 1184 368 0
w 1184 368 1184 304 0
w 1184 304 1184 240 0
w 1184 240 1184 176 0
w 1184 176 1184 112 0
r 1312 128 1376 128 0 2200
162 1376 128 1440 128 2 default-led 1 0 0 0.006
g 1440 128 1440 144 0 0
g 1440 192 1440 208 0 0
162 1376 192 1440 192 2 default-led 1 1 0 0.006
r 1312 192 1376 192 0 2200
r 1312 256 1376 256 0 2200
162 1376 256 1440 256 2 default-led 0 1 0 0.006
g 1440 256 1440 272 0 0
g 1440 320 1440 336 0 0
162 1376 320 1440 320 2 default-led 0 1 0 0.006
r 1312 320 1376 320 0 2200
r 1312 384 1376 384 0 2200
162 1376 384 1440 384 2 default-led 0 1 0 0.006
g 1440 384 1440 400 0 0
g 1440 512 1440 528 0 0
162 1376 512 1440 512 2 default-led 0 1 0 0.006
r 1312 512 1376 512 0 2200
r 1312 448 1376 448 0 2200
162 1376 448 1440 448 2 default-led 0 1 0 0.006
g 1440 448 1440 464 0 0
g 1440 576 1440 592 0 0
162 1376 576 1440 576 2 default-led 0 1 0 0.006
r 1312 576 1376 576 0 2200
r 1312 640 1376 640 0 2200
162 1376 640 1440 640 2 default-led 0 1 0 0.006
g 1440 640 1440 656 0 0
r 1312 704 1376 704 0 2200
162 1376 704 1440 704 2 default-led 0 1 0 0.006
g 1440 704 1440 720 0 0
o 11 64 0 x281012 10 0.1 0 3 6 1 0 11 3 Infinity 0 17 0 1 0
38 11 F1 0 0 2.5 -1 Max\sVoltage
38 11 F1 3 20 500 -1 Frequency
