$ 1 0.000005 382.76258214399064 50 5 50 5e-11
a 608 352 704 352 8 10.8 -10.8 1000000 1.0450392264019141e-7 0 100000
g 608 368 608 384 0 0
r 608 336 544 336 0 22000
r 608 256 800 256 0 22000
d 608 288 704 288 2 1N4148
d 704 352 800 352 2 1N4148
w 608 336 608 288 0
w 608 288 608 256 0
w 704 352 704 288 0
w 800 352 800 256 0
r 336 464 400 464 0 33000
209 400 464 400 528 4 0.0000022 0.001 0.001 0 1
r 800 352 864 352 0 470
g 400 528 400 544 0 0
R 544 336 512 336 0 2 20 0 0 0 0.5
O 400 464 448 464 3 1
d 544 480 640 480 2 1N4148
w 704 416 704 352 0
209 864 352 864 416 4 0.00001 0.00002369369068869599 0.001 0.1 1
g 864 416 864 432 0 0
r 864 256 928 256 0 33000
r 928 352 928 416 0 68000
g 928 416 928 432 0 0
c 1120 400 1120 464 4 1.0000000000000001e-7 0.001 0.001 0
w 992 352 928 352 0
g 992 416 992 432 0 0
O 992 352 1040 352 3 1
174 400 304 400 368 1 100000 0.005 Resistance
g 528 368 528 384 0 0
w 928 352 864 352 0
o 14 512 0 x281012 10 0.1 0 3 6 1 0 14 3 Infinity 0 15 0 1 0
o 26 512 0 x281012 5 0.1 1 1 6 1 0
38 14 F1 0 0 2 -1 Max\sVoltage
38 14 F1 3 20 500 -1 Frequency
