$ 1 0.000005 9.78399845368213 50 5 50 5e-11
R 800 240 800 208 0 0 40 11.75 0 0 0.5
R 800 656 800 688 0 0 40 -11.75 0 0 0.5
r 800 240 800 304 0 47000
r 864 656 864 560 0 47000
r 864 480 864 560 0 47000
a 864 448 960 448 8 10.8 -10.8 1000000 -0.363296626826326 -0.5223199488205222 100000
d 960 464 1008 464 2 1N4148
w 864 656 1008 656 0
r 1216 480 1216 656 0 100
w 1120 656 1072 656 0
t 1120 448 1168 448 2 1 0.5556032146313346 0.6453328562724554 800 default
162 1216 416 1216 480 2 default-led 1 0 0 0.01
r 1264 400 1264 336 0 47000
R 464 464 416 464 0 1 20 7 0 0 0.5
a 560 464 656 464 8 10.8 -10.8 1000000 1.226705202673093 1.2267174697251197 100000
w 560 448 560 416 0
w 560 416 656 416 0
w 656 416 656 464 0
r 560 480 560 560 0 100000
s 656 464 720 464 0 1 false
172 464 496 416 496 0 7 -5 5 -5 0 0.5 Voltage
S 528 480 464 480 0 1 false 0 2
w 528 480 560 480 0
O 528 480 528 448 0 0
O 656 464 656 496 0 0
g 560 560 560 576 0 0
c 1008 464 1008 656 4 4.7000000000000005e-7 0.6304820908179884 0.001 0
r 1216 320 1216 240 0 75
w 1216 416 1216 352 0
w 1040 240 864 240 0
r 864 240 864 384 0 100000
w 864 240 800 240 0
r 800 304 800 464 0 47000
w 864 464 800 464 0
w 864 656 800 656 0
r 800 656 800 576 0 86000
d 720 304 800 304 2 1N4148
w 800 576 800 464 0
w 864 480 864 432 0
w 864 560 768 560 0
d 768 560 720 560 2 1N4148
w 720 304 720 464 0
w 720 464 720 560 0
r 1072 656 1072 544 0 100000
O 864 432 832 432 1 0
O 800 464 768 464 1 0
w 1168 480 1168 464 0
w 1168 480 1216 480 0
w 1216 416 1168 416 0
w 1168 416 1168 432 0
t 1264 336 1216 336 2 -1 21.615575597479236 -0.6436694492640775 100 default
d 1264 240 1264 288 2 1N4148
d 1264 288 1264 336 2 1N4148
w 1264 240 1216 240 0
w 1264 400 1264 656 0
w 1264 656 1216 656 0
w 1216 656 1120 656 0
w 864 384 864 432 0
r 1120 448 1120 240 0 100000
w 1040 240 1120 240 0
r 1008 464 1072 464 0 100000
w 1072 544 1072 464 0
t 1072 464 1120 464 2 1 -0.9945782684920523 0.3152398726427492 800 default
w 960 464 960 448 0
r 1360 448 1360 624 0 100
w 1120 240 1216 240 0
w 1072 656 1008 656 0
w 1120 480 1120 656 0
O 1072 464 1072 400 1 0
O 1008 464 1008 400 1 0
O 1120 448 1072 288 1 0
o 13 64 3 4098 10 0.1 0 2 24 0
38 13 F1 3 20 500 -1 Frequency
38 13 F1 0 0 7 -1 Max\sVoltage
