$ 1 0.000005 382.76258214399064 50 5 50 5e-11
209 624 432 672 432 4 0.0000022 0.971430241608103 0 0 1
R 800 240 800 208 0 0 40 11.75 0 0 0.5
R 800 656 800 688 0 0 40 -11.75 0 0 0.5
r 672 432 736 432 0 22000
r 800 240 800 304 0 100000
r 800 656 800 592 0 47000
r 736 432 736 528 0 680000
r 800 464 800 528 0 3300
w 736 528 800 528 0
w 800 528 800 592 0
a 864 448 960 448 8 10.8 -10.8 1000000 -1.074285286499978 -3.739333843133239 100000
w 864 464 800 464 0
w 800 304 800 464 0
w 864 432 736 432 0
d 960 384 864 384 2 1N4148
w 864 384 864 432 0
w 960 384 960 448 0
d 1040 448 960 448 2 1N4148
w 800 240 1040 240 0
r 1040 240 1040 304 0 100000
w 1040 448 1040 304 0
r 1040 448 1040 512 0 2200
209 1040 576 1040 656 4 0.0000022 1.46605664771206 0.001 0 1
w 800 656 1040 656 0
r 1040 576 1136 576 0 100000
r 1136 576 1136 656 0 100000
w 1136 656 1040 656 0
t 1136 576 1184 576 2 1 -1.6507838701501 0.09073134480300205 800 default
162 1232 528 1232 592 2 default-led 0 1 0 0.01
r 1232 656 1232 592 0 100
w 1232 656 1136 656 0
w 1184 592 1232 592 0
w 1040 512 1040 576 0
w 1184 560 1184 528 0
w 1232 528 1184 528 0
t 1280 240 1232 240 2 -1 19.98597824302839 -0.6436694492509165 100 default
w 1232 528 1232 256 0
r 1232 224 1232 144 0 75
d 1280 192 1280 240 2 1N4148
d 1280 144 1280 192 2 1N4148
w 1040 240 1040 144 0
w 1040 144 1232 144 0
w 1232 144 1280 144 0
r 1280 240 1280 320 0 47000
w 1232 656 1280 656 0
R 368 432 320 432 0 1 500 0 0 0 0.5
O 1136 576 1136 528 0 0
a 464 432 560 432 8 10.8 -10.8 1000000 0 0 100000
w 464 416 464 384 0
w 464 384 560 384 0
w 560 384 560 432 0
r 464 448 464 528 0 100000
s 560 432 624 432 0 0 false
172 368 464 320 464 0 7 -5 5 -5 0 0.5 Voltage
S 432 448 368 448 0 1 false 0 2
w 432 448 464 448 0
O 432 448 432 416 0 0
w 1280 656 1280 320 0
O 560 432 560 464 0 0
O 672 432 672 464 0 0
g 464 528 464 544 0 0
o 45 8 3 4098 1.25 0.1 0 4 3 3 58 0 59 0
38 45 F1 0 0 5 -1 Input
38 45 F1 3 20 500 -1 Frequency
