$ 1 0.000005 19.867427341514983 51 5 50 5e-11
R 800 240 800 208 0 0 40 11.75 0 0 0.5
R 800 656 800 688 0 0 40 -11.75 0 0 0.5
r 800 240 800 304 0 51000
r 864 656 864 560 0 51000
r 864 480 864 560 0 34000
a 864 448 960 448 8 10.8 -10.8 1000000 -0.9525827286616106 -1.044545555949014 100000
d 960 448 1024 448 2 1N4148
w 864 656 1088 656 0
r 1232 464 1232 656 0 100
w 1136 656 1088 656 0
t 1136 432 1184 432 2 1 0.4996221020019025 0.6440884994491434 800 default
162 1232 400 1232 464 2 default-led 1 0 0 0.01
w 1232 400 1232 336 0
w 1040 240 864 240 0
r 864 240 864 384 0 100000
w 864 240 800 240 0
r 800 304 800 464 0 47000
w 864 464 800 464 0
w 864 656 800 656 0
r 800 656 800 576 0 82000
d 720 304 800 304 2 1N4148
w 800 576 800 464 0
w 864 480 864 432 0
w 864 560 768 560 0
d 768 560 720 560 2 1N4148
w 720 304 720 464 0
w 720 464 720 560 0
r 1088 656 1088 528 0 4700
O 864 432 832 432 1 0
O 800 464 768 464 1 0
w 1184 464 1184 448 0
w 1184 464 1232 464 0
w 1232 400 1184 400 0
w 1184 400 1184 416 0
w 1280 144 1280 656 0
w 1280 656 1232 656 0
w 1232 656 1136 656 0
w 864 384 864 432 0
r 1136 336 1136 240 0 680000
w 1040 240 1136 240 0
r 1024 448 1088 448 0 100000
w 1088 528 1088 448 0
t 1088 448 1136 448 2 1 -1.268481491771384 0.02676155772867439 800 default
w 1136 464 1136 656 0
O 1088 448 1088 384 1 0
O 1024 448 1024 384 1 0
O 1136 336 1072 336 1 0
209 1232 336 1136 336 4 0.0000022 -0.4996221020019025 0.001 0 1
w 1136 336 1136 432 0
g 464 16 464 32 0 0
O 672 -80 672 -48 0 0
O 560 -80 560 -48 0 0
w 1280 144 1280 -192 0
O 432 -64 432 -96 0 0
w 432 -64 464 -64 0
S 432 -64 368 -64 0 1 false 0 2
s 560 -80 624 -80 0 0 false
r 464 -64 464 16 0 100000
w 560 -128 560 -80 0
w 464 -128 560 -128 0
w 464 -96 464 -128 0
a 464 -80 560 -80 8 10.8 -10.8 1000000 0 0 100000
O 1136 64 1136 16 1 0
R 368 -80 320 -80 0 1 108.16 0 0 0 0.5
r 1280 -272 1280 -192 0 47000
w 1232 -368 1280 -368 0
w 1040 -368 1232 -368 0
w 1040 -272 1040 -368 0
d 1280 -368 1280 -320 2 1N4148
d 1280 -320 1280 -272 2 1N4148
r 1232 -288 1232 -368 0 75
w 1232 16 1232 -256 0
t 1280 -272 1232 -272 2 -1 21.447018554725197 -0.6436694492627115 100 default
w 1232 16 1184 16 0
w 1184 48 1184 16 0
w 1040 0 1040 64 0
w 1184 80 1232 80 0
w 1280 144 1136 144 0
162 1232 16 1232 80 2 default-led 0 1 0 0.01
t 1136 64 1184 64 2 1 0.5169003492417428 0.644051371040856 800 default
w 1136 144 1040 144 0
r 1136 64 1136 144 0 100000
r 1040 64 1136 64 0 100000
w 800 144 1040 144 0
209 1040 64 1040 144 4 0.0000022 8.471422407531366 0.001 0 1
r 1040 -64 1040 0 0 2200
w 1040 -64 1040 -208 0
r 1040 -272 1040 -208 0 100000
w 800 -272 1040 -272 0
d 1040 -64 960 -64 2 1N4148
w 960 -128 960 -64 0
w 864 -128 864 -80 0
d 960 -128 864 -128 2 1N4148
w 864 -80 736 -80 0
w 800 -208 800 -48 0
w 864 -48 800 -48 0
a 864 -64 960 -64 8 10.8 -10.8 1000000 -3.861666557793495 -3.8617026280029343 100000
w 800 16 800 80 0
w 736 16 800 16 0
r 800 -48 800 16 0 3300
r 736 -80 736 16 0 680000
r 800 144 800 80 0 47000
r 800 -272 800 -208 0 100000
r 672 -80 736 -80 0 22000
R 800 -272 800 -304 0 0 40 11.75 0 0 0.5
209 624 -176 672 -176 4 0.000001 3.8604639856285643 0 0 1
w 624 -80 624 464 0
w 624 464 720 464 0
w 1232 80 1232 336 0
c 624 -80 672 -80 4 1.0000000000000001e-7 3.861666557792918 0.001 0
o 63 64 3 4098 10 0.1 0 5 63 3 63 0 63 3 50 0
38 63 F1 0 0 7 -1 Amplitude
38 63 F1 3 4 500 -1 Frequency
